2.949154313362921109e-01
3.421272234998306017e-01
4.068597504120810004e-01
4.926359905628668878e-01
5.876474172568716403e-01
7.092743970088057903e-01
8.392085868449636887e-01
9.165181084373529297e-01
9.108430701124572426e-01
8.952551170417355486e-01
8.916541424534032423e-01
8.939954437336691262e-01
8.952187761169856373e-01
9.011002075707938985e-01
9.045344363882994454e-01
8.921561290742052730e-01
8.702086668187853924e-01
8.421408982170610624e-01
8.186702484652285117e-01
7.921859317211573659e-01
7.594196380678637226e-01
7.283772452356419569e-01
7.020383492842274809e-01
6.706076165577525838e-01
6.451602709460344531e-01
6.412945648752237382e-01
6.619924515072963533e-01
7.266411565940656958e-01
8.401419419092226448e-01
9.729193059505774066e-01
9.008314162338351139e-01
7.982767441222438087e-01
7.189767538256824908e-01
6.631239959488737234e-01
6.336213255727828342e-01
6.266943445115064071e-01
6.201125456730228747e-01
5.954350082938623112e-01
5.647220132980033114e-01
5.711142599037113410e-01
6.300389819256493329e-01
7.162008697957784609e-01
8.017632532517959820e-01
8.833276397099028010e-01
9.582553451451967241e-01
9.751966392681625795e-01
9.092833022313138169e-01
8.373268025401846559e-01
7.658792148618664974e-01
7.034033928706802108e-01
6.468278299700223055e-01
5.923216134122368803e-01
5.469326124321682858e-01
5.119721881596220880e-01
4.717308461088253191e-01
4.310186261814111797e-01
4.031696745103995339e-01
3.924121196683416635e-01
3.929611576485667612e-01
3.956355484026661262e-01
4.057143295542379180e-01
4.237097942444240095e-01
4.435336740847277692e-01
4.677550245253100369e-01
4.873461535204500761e-01
5.041823683665664912e-01
5.224713994052890831e-01
5.357165359016740069e-01
5.371046648309310001e-01
5.222202690684605297e-01
4.888824740762289789e-01
4.370192601733514648e-01
3.942338352177411354e-01
3.707052398849263186e-01
3.786814148577453132e-01
