 92.10126495 123.20471954  89.60847473
 92.31979370 123.22128296  89.69971466
 92.53853607 123.23725128  89.79061890
 92.75862885 123.24967194  89.87946320
 92.97908783 123.26092529  89.96766663
 93.20046234 123.26930237  90.05429840
 93.42223358 123.27641296  90.14029694
 93.64451599 123.28187561  90.22546387
 93.86717987 123.28588867  90.31010437
 94.09013367 123.28884125  90.39436340
 94.31368256 123.29026794  90.47796631
 94.53746796 123.29108429  90.56130981
 94.76211548 123.29090881  90.64321899
 94.98691559 123.29057312  90.72488403
 95.21286011 123.28987122  90.80459595
 95.43896484 123.28916931  90.88399506
 95.66592407 123.28850555  90.96171570
 95.89315033 123.28772736  91.03894043
 96.12098694 123.28666687  91.11501312
 96.34907532 123.28543091  91.19067383
 96.57746887 123.28395844  91.26580048
 96.80599976 123.28225708  91.34066772
 97.03462982 123.28040314  91.41533661
 97.26351166 123.27832031  91.48979187
 97.49247742 123.27615356  91.56417847
 97.72152710 123.27413940  91.63839722
 97.95058441 123.27215576  91.71260071
 98.17971802 123.27075195  91.78689575
 98.40883636 123.26950836  91.86128235
 98.63789368 123.26904297  91.93608093
 98.86696625 123.26876831  92.01086426
 99.09604645 123.26889038  92.08556366
 99.32533264 123.26892090  92.15978241
 99.55487061 123.26882935  92.23342133
 99.78462219 123.26839447  92.30641937
100.01451874 123.26772308  92.37899780
100.24462891 123.26602173  92.45095825
100.47481537 123.26396179  92.52269745
100.70526886 123.25953674  92.59340668
100.93575287 123.25471497  92.66394806
101.16636658 123.24690247  92.73320770
101.39698792 123.23857117  92.80242157
101.62765503 123.22773743  92.87142944
101.85823059 123.21601868  92.94060516
102.08866119 123.20240784  93.01017761
102.31896973 123.18739319  93.07998657
102.54914856 123.17073059  93.15007019
102.77913666 123.15204620  93.22050476
103.00898743 123.13203430  93.29117584
103.23844910 123.10951996  93.36235046
103.46776581 123.08615875  93.43368530
103.69668579 123.05999756  93.50538635
103.92554474 123.03337860  93.57711792
104.15414429 123.00362396  93.64842987
104.38270569 122.97333527  93.71956635
104.61111450 122.94057465  93.78989410
104.83950806 122.90699005  93.85971832
105.06790161 122.87168884  93.92850494
105.29640198 122.83542633  93.99636841
105.52500153 122.79808044  94.06318665
105.75378418 122.75951385  94.12863159
105.98268127 122.72017670  94.19321442
106.21181488 122.67936707  94.25613403
106.44101715 122.63809967  94.31851196
106.67044067 122.59506226  94.37887573
106.89990234 122.55173492  94.43889618
107.12968445 122.50650024  94.49653625
107.35952759 122.46092224  94.55371094
107.58960724 122.41394806  94.60887146
107.81977844 122.36636353  94.66316986
108.05014038 122.31756592  94.71574402
108.28056335 122.26794434  94.76701355
108.51106262 122.21743011  94.81683350
108.74164581 122.16598511  94.86488342
108.97227478 122.11399078  94.91184235
109.20315552 122.06101990  94.95642090
109.43412018 122.00774384  95.00025940
109.66517639 121.95346069  95.04093933
109.89627075 121.89901733  95.08106995
110.12762451 121.84364319  95.11726379
110.35902405 121.78813934  95.15251160
110.59059143 121.73209381  95.18389893
110.82228851 121.67599487  95.21369171
111.05421448 121.61976624  95.24047852
111.28634644 121.56378174  95.26531219
111.51868439 121.50805664  95.28808594
111.75124359 121.45272827  95.30857849
111.98391724 121.39765930  95.32772827
112.21697998 121.34321594  95.34424591
112.45015717 121.28896332  95.36000824
112.68359375 121.23574066  95.37295532
112.91708374 121.18270874  95.38549805
113.15104675 121.13127136  95.39579773
113.38511658 121.08017731  95.40567017
113.61956024 121.03036499  95.41387939
113.85408020 120.98106384  95.42124176
114.08876038 120.93273926  95.42704010
114.32357025 120.88491821  95.43148804
114.55850983 120.83762360  95.43454742
114.79348755 120.79061890  95.43553162
115.02848816 120.74375916  95.43536377
115.26332092 120.69676208  95.43247986
115.49810791 120.64972687  95.42885590
115.73271942 120.60221863  95.42199707
115.96730804 120.55466461  95.41466522
116.20182800 120.50711060  95.40437317
116.43630981 120.45976257  95.39352417
116.67072296 120.41311646  95.38067627
116.90516663 120.36708069  95.36707306
117.13964844 120.32212067  95.35211182
117.37426758 120.27859497  95.33610535
117.60900879 120.23650360  95.31907654
117.84399414 120.19651794  95.30078125
118.07911682 120.15769196  95.28180695
118.31431580 120.12146759  95.26124573
118.54953766 120.08592224  95.24027252
118.78504944 120.05347443  95.21705627
119.02059937 120.02149200  95.19346619
119.25636292 119.99235535  95.16746521
119.49218750 119.96396637  95.14088440
119.72814941 119.93815613  95.11227417
119.96418762 119.91356659  95.08271790
120.20032501 119.89105225  95.05154419
120.43649292 119.87022400  95.01913452
120.67269135 119.85096741  94.98553467
120.90887451 119.83414459  94.95040894
121.14505005 119.81858826  94.91448975
121.38114929 119.80636597  94.87697601
121.61723328 119.79497528  94.83907318
121.85306549 119.78795624  94.79937744
122.08887482 119.78162384  94.75939941
122.32453918 119.77978516  94.71756744
122.56008911 119.77911377  94.67520142
122.79525757 119.78228760  94.63107300
123.03024292 119.78726196  94.58609009
123.26490784 119.79522705  94.53971100
123.49932861 119.80555725  94.49202728
123.73350525 119.81803894  94.44316101
123.96716309 119.83349609  94.39242554
124.20053864 119.85043335  94.34075928
124.43327332 119.87065125  94.28684998
124.66585541 119.89163208  94.23242950
124.89729309 119.91659546  94.17540741
125.12857056 119.94216919  94.11800385
125.35887146 119.97167206  94.05812836
125.58879852 120.00229645  93.99754333
125.81762695 120.03642273  93.93473053
126.04585266 120.07238007  93.87076569
126.27312469 120.11120605  93.80494690
126.49956512 120.15249634  93.73736572
126.72525787 120.19596863  93.66823578
126.94973755 120.24222565  93.59677124
127.17362976 120.28981781  93.52418518
127.39604187 120.34050751  93.44879150
127.61814117 120.39187622  93.37277222
127.83811951 120.44701385  93.29312134
128.05770874 120.50283813  93.21285248
128.27471924 120.56314087  93.12867737
128.49102783 120.62455750  93.04343414
128.70530701 120.68928528  92.95507050
128.91839600 120.75539398  92.86507416
129.12969971 120.82360840  92.77258301
129.33915710 120.89382935  92.67764282
129.54702759 120.96574402  92.58063507
129.75195312 121.04015350  92.48018646
129.95549011 121.11571503  92.37816620
130.15542603 121.19369507  92.27191162
130.35459900 121.27217102  92.16478729
130.54972839 121.35293579  92.05264282
130.74430847 121.43402100  91.93976593
130.93554688 121.51699066  91.82241821
131.12576294 121.60043335  91.70383453
131.31307983 121.68521118  91.58178711
131.49856567 121.77085114  91.45790100
131.68139648 121.85777283  91.33130646
131.86090088 121.94587708  91.20217133
132.03767395 122.03497314  91.07095337
132.21000671 122.12493896  90.93643188
132.38037109 122.21530151  90.80046082
132.54570007 122.30578613  90.66056824
132.71002197 122.39628601  90.51991272
132.86900330 122.48588562  90.37454224
133.02717590 122.57530212  90.22848511
133.18038940 122.66364288  90.07830811
133.33192444 122.75148010  89.92677307
133.47886658 122.83793640  89.77159882
133.62251282 122.92334747  89.61427307
133.76150513 123.00729370  89.45391083
133.89643860 123.09033203  89.29042053
134.02815247 123.17267609  89.12447357
134.15539551 123.25450134  88.95453644
134.28070068 123.33612061  88.78291321
134.39962769 123.41833496  88.60652161
134.51741028 123.50066376  88.42926788
134.62567139 123.58352661  88.24627686
134.73213196 123.66650391  88.06231689
134.82766724 123.75021362  87.87239075
134.91903687 123.83455658  87.68061829
134.99960327 123.92058563  87.48406982
135.07522583 124.00733948  87.28546906
135.14410400 124.09510803  87.08408356
135.20837402 124.18310547  86.88076019
135.26910400 124.27128601  86.67597961
135.32531738 124.35945892  86.46935272
135.37969971 124.44762421  86.26199341
135.42907715 124.53611755  86.05301666
135.47761536 124.62467194  85.84377289

