8.096123022639143407e-01
8.594422401371342168e-01
9.137730537724897406e-01
9.732217202077801943e-01
9.748651454636189095e-01
9.239870637341141002e-01
8.756375771310661582e-01
8.380026503797883830e-01
8.195352121719273741e-01
8.183003339396230924e-01
8.288339412483146651e-01
8.319488327968980190e-01
8.228690055758813848e-01
8.175186368696125694e-01
8.176913684249358383e-01
8.451691346303127350e-01
8.876188548653636268e-01
9.296544605081886736e-01
9.847736943810903032e-01
9.643754616693696047e-01
9.081440296912826060e-01
8.688966096260735128e-01
8.587034742969420487e-01
8.662632167155905893e-01
8.951433297977924308e-01
9.135596891873303260e-01
9.338514077640318600e-01
9.605642841866186554e-01
9.943873274489152259e-01
9.683289693559871125e-01
9.374960299581079903e-01
9.069246493518798857e-01
8.718195364046668061e-01
8.228838314175255242e-01
7.785740490752731668e-01
7.353370933165745971e-01
7.092088103645249886e-01
6.889967925860018827e-01
6.756283045911761764e-01
6.640379342257102246e-01
6.572441447395196423e-01
6.519455750974403330e-01
6.471115230995745371e-01
6.375945149134931711e-01
6.262544407812100644e-01
6.125198937825984125e-01
6.030885097928758709e-01
5.966124723350478831e-01
5.869092520044458805e-01
5.747276031624199977e-01
5.573076389597122482e-01
5.419079571234294290e-01
5.236744399087058799e-01
5.044711444007592416e-01
4.821615178133299429e-01
4.610103532054159459e-01
4.428309086580178855e-01
4.303391769289591773e-01
4.205197683106448592e-01
4.161441653383520789e-01
4.132632876790751641e-01
4.159498571843450732e-01
4.161727999269425604e-01
4.180684335228190829e-01
4.164865112452161844e-01
4.155032392376156736e-01
4.169508869727547307e-01
4.167452325176487227e-01
4.250697286304271350e-01
4.379783508353876087e-01
4.668246509523186205e-01
5.101633722313745345e-01
5.593244917090884893e-01
6.153861882643675285e-01
6.729722644806741538e-01
7.307845064573128546e-01
7.912517574904032180e-01
8.452154243639866671e-01
8.960712524364125020e-01
9.423382020881426735e-01
9.832043750017380734e-01
9.739083905230003779e-01
9.316133667007341357e-01
8.876652701626397413e-01
8.428320099993719117e-01
7.956970567579016995e-01
7.486864816633993502e-01
7.055796820070157072e-01
6.687842185538613871e-01
6.387194698393899861e-01
6.179161226575722310e-01
6.033501812390413832e-01
5.982747933767322834e-01
5.991677453612808124e-01
6.125261530261267851e-01
6.308331207447150923e-01
6.603120419130377172e-01
6.963750971203097606e-01
7.346929271209654555e-01
7.734736064731917438e-01
8.082125768063025406e-01
8.411770693141188415e-01
8.708254308293368329e-01
9.017021759924268576e-01
9.262750854877899176e-01
9.400836255414370957e-01
9.486737524794184306e-01
9.437748523567115466e-01
9.389922625034985426e-01
9.352735939787968356e-01
9.383870558175702037e-01
9.464417338618793529e-01
9.639417750467229595e-01
9.942567829008499558e-01
9.683242564901950455e-01
9.285010027646494191e-01
8.928839966234678460e-01
8.666036333811372172e-01
8.473216212029277550e-01
8.257506745672744675e-01
8.050502937939509884e-01
7.801827041870756929e-01
7.555577496742662547e-01
7.312595790590159517e-01
7.130784302090173998e-01
7.015721233786932354e-01
6.935404267386308108e-01
6.879353270371519891e-01
6.854190266165121059e-01
6.837589432875255113e-01
6.816535857821619526e-01
6.798919530865901173e-01
6.733885288951120263e-01
6.657433714840612637e-01
6.546181978112801669e-01
6.385420829403578580e-01
6.198726508017460279e-01
6.012109724868331950e-01
5.859787586399376469e-01
5.702905474958080978e-01
5.530299114448571363e-01
5.379990245644785674e-01
5.297107727060608173e-01
5.290319822351123857e-01
5.301096964913438736e-01
5.377807587098089037e-01
5.405682041815982330e-01
5.448129876352596490e-01
5.454095225007150605e-01
5.490864714938759050e-01
5.534060479549449685e-01
5.623951773031783397e-01
5.774093186852342630e-01
5.836654357551194217e-01
5.877779764062681656e-01
5.862554405518671796e-01
5.810943240785733099e-01
5.733343378244556421e-01
5.693222110867285357e-01
5.663249268654072521e-01
5.710778177386335308e-01
8.772817754216193364e-01
8.814067440924546748e-01
8.804727272251082759e-01
8.801030734556285484e-01
8.728689520763710519e-01
8.750746027393797588e-01
8.817963870579137442e-01
9.013630287924879747e-01
9.284501875446427022e-01
6.679824150507314151e-01
6.589876001117682680e-01
6.547368075197326220e-01
6.560308259035911860e-01
6.567205765172416942e-01
6.644326293976057229e-01
9.067904904326851145e-01
8.997101110693825898e-01
9.785472417180978155e-01
9.806858881998762323e-01
7.483283905521529444e-01
7.267448221115775375e-01
4.129615564135176164e-01
7.020580124108837250e-01
6.972376817072623023e-01
7.016813405397228642e-01
5.615583178366729822e-01
5.583331901232420069e-01
3.390818831424403657e-01
3.362139787908104971e-01
3.326028052227927301e-01
5.026462051693721955e-01
3.738231685933617321e-01
5.693758231945602599e-01
5.681390160873913686e-01
5.635402106763236496e-01
5.563663545608006356e-01
3.893609590234490270e-01
2.778433127097963418e-01
4.278878252227465984e-01
2.081274325407420356e-01
2.074059384470054723e-01
3.039784498633274490e-01
2.994177088401184794e-01
5.019987017243034977e-01
3.739532259013055304e-01
5.094922040524916262e-01
6.783946203992287094e-01
6.749873215511255076e-01
6.728618513503820120e-01
6.928843372805413292e-01
9.787568408663920305e-01
8.621732436344579087e-01
5.251768328256271046e-01
5.622483301706076020e-01
5.877992986263760322e-01
6.014872880830893775e-01
7.282523593547507446e-01
5.684781532431538720e-01
7.329220456961640373e-01
8.972265077470773509e-01
7.515910285006871527e-01
6.223893324342699707e-01
9.448166910583448708e-01
6.844474174193271310e-01
1.273413395795330860e-01
5.280791714331715264e-02
1.474910888259219344e-01
1.531056418890260340e-01
2.116949696694664373e-01
2.177825404957167421e-01
2.233202860170971915e-01
4.828795647761930931e-01
4.933671115504323357e-01
5.031558965927076521e-01
5.108946207712516951e-01
4.761624679685768635e-01
3.853720104075250008e-01
1.873746040775665922e-01
3.158700066466267886e-01
7.222512552363289373e-01
7.235608089911207408e-01
9.986912464794494015e-01
9.993691177493045918e-01
9.976960465607412898e-01
6.529433753522336792e-01
6.593048581015295007e-01
6.639356934351233752e-01
6.671059177369937920e-01
2.988403085986621188e-01
3.017339108278205839e-01
3.046756834630813815e-01
3.089592513596112755e-01
3.065954214491274921e-01
5.802315798868238339e-01
1.649485916411905506e-01
3.197732875085877446e-01
3.197732875085877446e-01
3.197732875085886883e-01
3.197732875085882998e-01
3.197732875085892434e-01
3.197732875085875226e-01
3.197732875085891324e-01
3.197732875085882998e-01
3.197732875085880777e-01
3.197732875085879112e-01
